0
1
4
6
7
16
17
18
19
23
26
28
30
32
36
42
44
46
74
76
78
80
140
144
146
148
150
152
154
156
158
160
162
164
167
169
171
173
174
181
195
199
203
207
211
212
216
217
247
249
251
253
255
261
265
295
296
298
299
304
305
306
307
308
309
312
313
314
315
316
318
319
320
321
322
323
324
326
327
328
329
331
333
348
380
382
383
386
388
390
392
393
394
396
397
399
401
403
405
407
408
410
413
415
416
417
419
421
422
451
452
454
455
484
485
487
488
517
518
520
522
524
554
556
558
560
561
562
563
591
594
595
596
597
614
620
621
622
623
624
626
650
651
652
653
654
655
656
657
658
710
730
731
732
761
764
766
790
793
799
803
804
805
820
855
856
857
861
862
863
864
865
866
880
881
882
883
884
885
886
887
889
890
891
892
893
894
913
914
916
917
919
920
921
922
946
948
950
954
955
976
977
978
979
994
1006
1036
1042
1062
1063
1064
1065
1066
1067
1068
1069
1070
1093
1094
1097
1126
1152
1154
1155
1156
1157
1158
1159
1160
1161
1162
1165
1166
1167
1183
1184
1186
1187
1188
1189
1190
1191
1192
1193
1194
1216
1217
1218
1220
1223
1225
1252
1253
1282
1283
1312
1313
1314
1315
1316
1317
1342
1343
1344
1345
1346
1348
1351
1352
1353
1354
1356
1372
1373
1374
1376
1378
1380
1382
1384
1386
1388
1390
1392
1408
1409
1413
1414
1416
1417
1418
1419
1433
1435
1438
1440
1442
1444
1446
1448
1449
1450
1451
1454
1455
1482
1516
1517
1518
1520
1522
1524
1526
1528
1530
1532
1562
1563
1564
1565
1566
1567
1568
1592
1593
1594
1622
1628
1632
1664
1682
1683
1691
1692
1693
1694
1725
1727
1729
1730
1731
1733
1763
1764
1766
1768
1819
1825
1831
1832
1833
1847
1848
1853
1974
1978
1998
2014
2016
2048
2057
2063
2067
2073
2081
2082
2095
2097
2099
2108
2110
2112
2113
2114
2116
2146
2162
2244
2324
2328
2330
2331
2332
2333
2338
2340
2342
2346
2350
2358
2362
2364
2368
2371
2375
2376
2387
2389
2391
2393
2505
2542
2544
2550
2552
2558
2560
2588
2594
2596
2698
2700
2704
2708
2709
2714
2720
3659
3660
3661
3662
3663
3664
3665
3666
3667
3668
3669
3671
3673
3674
3675
3676
3677
3678
3679
3680
3681
3682
3683
3684
3685
3686
3687
3688
3689
3690
3691
3692
3693
3694
3695
3696
3697
3698
3699
3700
3701
3702
3703
3704
3705
3706
